0.000 -0.000 63.700 5999.610 6011.170 128 80 0 0 195 0 2 2100996417 0.39488 1926.733 0.00010 1.000 1.0 1500.000 625.200
94.980 94.980 -31.280 5999.610 6011.170 128 80 4 0 195 2 19 3603179399 0.37453 2016.587 0.00010 1.000 1.0 1800.000 806.200
119.050 119.050 -55.350 5999.560 6011.170 128 80 5 0 195 2 19 3603179399 0.37453 2016.587 0.00010 1.000 1.0 1800.000 806.200
133.250 133.250 -69.550 5999.460 6011.180 128 80 5 0 195 2 19 3603179399 0.37453 2016.587 0.00010 1.000 1.0 1800.000 806.200
144.350 144.349 -80.649 5999.390 6011.250 128 80 6 0 195 2 19 3603179399 0.37453 2016.587 0.00010 1.000 1.0 1800.000 806.200
152.830 152.828 -89.128 5999.370 6011.350 128 80 6 0 195 2 19 3603179399 0.37453 2016.587 0.00010 1.000 1.0 1800.000 806.200
181.929 181.917 -118.217 5999.580 6012.110 128 80 7 0 195 2 19 3603179399 0.37453 2016.587 0.00010 1.000 1.0 1800.000 806.200
210.848 210.793 -147.093 6000.190 6013.550 128 80 8 0 195 2 19 3603179399 0.37453 2016.587 0.00010 1.000 1.0 1800.000 806.200
240.026 239.867 -176.167 6001.290 6015.760 128 80 10 0 195 2 19 3603179399 0.37453 2016.587 0.00010 1.000 1.0 1800.000 806.200
268.726 268.384 -204.684 6003.060 6018.460 128 80 11 0 195 2 19 3603179399 0.37453 2016.587 0.00010 1.000 1.0 1800.000 806.200
297.625 296.997 -233.297 6005.470 6021.730 128 79 12 0 195 2 19 3603179399 0.37453 2016.587 0.00010 1.000 1.0 1800.000 806.200
326.325 325.339 -261.639 6008.070 6025.420 128 79 13 0 195 2 19 3603179399 0.37453 2016.587 0.00010 1.000 1.0 1800.000 806.200
355.023 353.622 -289.922 6010.620 6029.560 127 79 14 0 195 2 19 3603179399 0.37453 2016.587 0.00010 1.000 1.0 1800.000 806.200
383.724 381.828 -318.128 6013.070 6034.270 127 79 15 0 195 2 19 3603179399 0.37453 2016.587 0.00010 1.000 1.0 1800.000 806.200
412.522 410.109 -346.409 6015.450 6039.160 127 79 16 0 195 2 19 3603179399 0.37453 2016.587 0.00010 1.000 1.0 1800.000 806.200
441.023 438.064 -374.364 6017.580 6044.280 127 78 18 0 195 2 19 3603179399 0.37453 2016.587 0.00010 1.000 1.0 1800.000 806.200
469.920 466.318 -402.618 6019.220 6050.120 127 78 19 0 195 19 20 4326984098 0.36757 2049.387 0.00010 1.000 1.0 1920.000 878.600
498.719 494.337 -430.637 6020.160 6056.710 127 78 20 0 195 20 22 5261912918 0.36018 2085.766 0.00010 1.000 1.0 2060.000 963.000
527.319 522.064 -458.364 6020.340 6063.720 127 78 21 0 195 20 22 5261912918 0.36018 2085.766 0.00010 1.000 1.0 2060.000 963.000
555.916 549.672 -485.972 6019.730 6071.150 127 77 22 0 195 22 25 6067229902 0.35481 2113.069 0.00010 1.000 1.0 2170.000 1029.400
584.415 577.004 -513.304 6018.330 6079.100 127 77 23 0 195 22 25 6067229902 0.35481 2113.069 0.00010 1.000 1.0 2170.000 1029.400
613.214 604.410 -540.710 6016.130 6087.670 127 77 24 0 195 22 25 6067229902 0.35481 2113.069 0.00010 1.000 1.0 2170.000 1029.400
641.772 631.407 -567.707 6013.200 6096.510 127 76 25 0 195 25 27 6692216492 0.35114 2132.281 0.00010 1.000 1.0 2250.000 1077.700
660.192 648.732 -585.032 6011.040 6102.380 127 76 26 0 195 25 27 6692216492 0.35114 2132.281 0.00010 1.000 1.0 2250.000 1077.700
688.893 675.489 -611.789 6007.310 6112.070 128 76 27 0 195 27 30 6297579438 0.35342 2120.335 0.00010 1.000 1.0 2200.000 1047.500
717.789 702.084 -638.384 6002.910 6122.480 128 75 28 0 195 27 30 6297579438 0.35342 2120.335 0.00010 1.000 1.0 2200.000 1047.500
746.140 727.802 -664.102 5997.950 6133.330 128 75 29 0 195 27 30 6297579438 0.35342 2120.335 0.00010 1.000 1.0 2200.000 1047.500
774.935 753.480 -689.780 5992.270 6145.060 128 74 30 0 195 30 32 5915910542 0.35577 2108.183 0.00010 1.000 1.0 2150.000 1017.300
803.733 778.762 -715.062 5986.060 6157.370 128 74 31 0 195 30 32 5915910542 0.35577 2108.183 0.00010 1.000 1.0 2150.000 1017.300
832.433 803.524 -739.824 5979.380 6170.250 129 73 32 0 195 32 34 7604848093 0.34642 2157.877 0.00010 1.000 1.0 2360.000 1144.000
861.331 827.962 -764.262 5972.010 6183.800 129 73 33 0 195 32 34 7604848093 0.34642 2157.877 0.00010 1.000 1.0 2360.000 1144.000
890.130 851.972 -788.272 5964.090 6197.590 129 72 34 0 195 34 37 7953521312 0.34476 2166.963 0.00010 1.000 1.0 2400.000 1168.200
918.924 875.379 -811.679 5955.860 6212.200 130 72 35 0 195 34 37 7953521312 0.34476 2166.963 0.00010 1.000 1.0 2400.000 1168.200
947.622 897.871 -834.171 5947.330 6227.850 130 71 36 0 195 34 37 7953521312 0.34476 2166.963 0.00010 1.000 1.0 2400.000 1168.200
967.021 912.962 -849.262 5941.260 6238.420 130 71 37 0 195 37 41 8309520272 0.34316 2175.937 0.00010 1.000 1.0 2440.000 1192.300
996.160 935.933 -872.233 5931.930 6253.730 131 70 37 0 195 37 41 8309520272 0.34316 2175.937 0.00010 1.000 1.0 2440.000 1192.300
1007.622 945.016 -881.316 5928.260 6259.680 131 70 38 0 195 37 41 8309520272 0.34316 2175.937 0.00010 1.000 1.0 2440.000 1192.300
1036.415 967.267 -903.567 5918.660 6275.230 131 69 39 0 195 37 41 8309520272 0.34316 2175.937 0.00010 1.000 1.0 2440.000 1192.300
1064.508 987.923 -924.223 5908.670 6291.440 131 69 40 0 195 37 41 8309520272 0.34316 2175.937 0.00010 1.000 1.0 2440.000 1192.300
1093.311 1008.288 -944.588 5897.920 6308.740 132 68 40 0 195 37 41 8309520272 0.34316 2175.937 0.00010 1.000 1.0 2440.000 1192.300
1122.506 1028.128 -964.428 5886.470 6326.840 132 67 41 0 195 41 43 8674012237 0.34161 2184.800 0.00010 1.000 1.0 2480.000 1216.400
1150.800 1046.713 -983.013 5874.940 6344.790 133 66 42 0 195 41 43 8674012237 0.34161 2184.800 0.00010 1.000 1.0 2480.000 1216.400
1179.600 1065.423 -1001.723 5863.120 6363.220 133 66 43 0 195 43 46 9142550852 0.33969 2195.730 0.00010 1.000 1.0 2530.000 1246.600
1208.299 1084.091 -1020.391 5851.480 6381.650 134 65 43 0 195 43 46 9142550852 0.33969 2195.730 0.00010 1.000 1.0 2530.000 1246.600
1237.503 1103.092 -1039.392 5839.700 6400.440 134 64 44 0 195 43 46 9142550852 0.33969 2195.730 0.00010 1.000 1.0 2530.000 1246.600
1265.398 1121.252 -1057.552 5828.420 6418.360 135 64 45 0 195 43 46 9142550852 0.33969 2195.730 0.00010 1.000 1.0 2530.000 1246.600
1294.498 1140.263 -1076.563 5816.660 6436.990 135 63 46 0 195 46 50 10118720311 0.33605 2217.112 0.00010 1.000 1.0 2630.000 1306.900
1323.098 1158.967 -1095.267 5805.150 6455.310 136 62 46 0 195 46 50 10118720311 0.33605 2217.112 0.00010 1.000 1.0 2630.000 1306.900
1352.598 1178.278 -1114.578 5793.250 6474.170 136 61 47 0 195 46 50 10118720311 0.33605 2217.112 0.00010 1.000 1.0 2630.000 1306.900
1380.646 1196.688 -1132.988 5781.900 6492.030 137 61 48 0 195 46 50 10118720311 0.33605 2217.112 0.00010 1.000 1.0 2630.000 1306.900
1409.441 1215.598 -1151.898 5770.210 6510.330 137 60 49 0 195 46 50 10118720311 0.33605 2217.112 0.00010 1.000 1.0 2630.000 1306.900
1438.143 1234.438 -1170.738 5758.510 6528.550 137 59 49 0 195 46 50 10118720311 0.33605 2217.112 0.00010 1.000 1.0 2630.000 1306.900
1466.944 1253.386 -1189.686 5746.740 6546.770 138 58 50 0 195 50 55 10679137347 0.33413 2228.614 0.00010 1.000 1.0 2685.000 1340.100
1479.141 1261.422 -1197.722 5741.750 6554.470 138 58 50 0 195 50 55 10679137347 0.33413 2228.614 0.00010 1.000 1.0 2685.000 1340.100
1486.810 1266.464 -1202.764 5738.610 6559.320 138 58 51 0 195 50 55 10679137347 0.33413 2228.614 0.00010 1.000 1.0 2685.000 1340.100
1507.108 1279.779 -1216.079 5730.220 6572.140 139 57 51 0 195 50 55 10679137347 0.33413 2228.614 0.00010 1.000 1.0 2685.000 1340.100
1535.708 1298.508 -1234.808 5718.300 6590.170 139 57 52 0 195 50 55 10679137347 0.33413 2228.614 0.00010 1.000 1.0 2685.000 1340.100
1564.310 1317.302 -1253.602 5706.340 6608.110 140 56 53 0 195 50 55 10679137347 0.33413 2228.614 0.00010 1.000 1.0 2685.000 1340.100
1593.107 1336.312 -1272.612 5694.330 6626.100 140 55 53 0 195 50 55 10679137347 0.33413 2228.614 0.00010 1.000 1.0 2685.000 1340.100
1621.810 1355.350 -1291.650 5682.380 6643.950 141 55 54 0 195 50 55 10679137347 0.33413 2228.614 0.00010 1.000 1.0 2685.000 1340.100
1650.504 1374.470 -1310.770 5670.450 6661.710 141 54 55 0 195 55 58 10835446903 0.33360 2231.720 0.00010 1.000 1.0 2700.000 1349.200
1679.307 1393.664 -1329.964 5658.510 6679.560 141 53 56 0 195 55 58 10835446903 0.33360 2231.720 0.00010 1.000 1.0 2700.000 1349.200
1708.107 1412.845 -1349.145 5646.570 6697.420 142 52 57 0 195 55 58 10835446903 0.33360 2231.720 0.00010 1.000 1.0 2700.000 1349.200
1737.007 1432.085 -1368.385 5634.560 6715.330 142 52 57 0 195 55 58 10835446903 0.33360 2231.720 0.00010 1.000 1.0 2700.000 1349.200
1765.805 1451.253 -1387.553 5622.560 6733.160 143 51 58 0 195 58 63 11362228938 0.33194 2241.981 0.00010 1.000 1.0 2750.000 1379.300
1794.600 1470.418 -1406.718 5610.560 6750.990 143 50 59 0 195 58 63 11362228938 0.33194 2241.981 0.00010 1.000 1.0 2750.000 1379.300
1823.505 1489.643 -1425.943 5598.470 6768.870 144 50 60 0 195 58 63 11362228938 0.33194 2241.981 0.00010 1.000 1.0 2750.000 1379.300
1852.303 1508.801 -1445.102 5586.410 6786.670 144 49 60 0 195 58 63 11362228938 0.33194 2241.981 0.00010 1.000 1.0 2750.000 1379.300
1881.002 1527.914 -1464.214 5574.380 6804.380 145 48 61 0 195 58 63 11362228938 0.33194 2241.981 0.00010 1.000 1.0 2750.000 1379.300
1909.650 1547.001 -1483.301 5562.300 6822.000 145 47 62 0 195 58 63 11362228938 0.33194 2241.981 0.00010 1.000 1.0 2750.000 1379.300
1938.399 1566.141 -1502.441 5550.110 6839.650 146 47 63 0 195 63 67 11795166931 0.33061 2250.090 0.00010 1.000 1.0 2790.000 1403.500
1967.147 1585.272 -1521.572 5537.920 6857.310 146 46 63 0 195 63 67 11795166931 0.33061 2250.090 0.00010 1.000 1.0 2790.000 1403.500
1995.896 1604.401 -1540.701 5525.740 6874.980 147 45 64 0 195 63 67 11795166931 0.33061 2250.090 0.00010 1.000 1.0 2790.000 1403.500
2024.596 1623.514 -1559.814 5513.520 6892.560 147 45 65 0 195 63 67 11795166931 0.33061 2250.090 0.00010 1.000 1.0 2790.000 1403.500
2039.505 1633.447 -1569.747 5507.160 6901.680 148 44 65 0 195 63 67 11795166931 0.33061 2250.090 0.00010 1.000 1.0 2790.000 1403.500
2052.814 1642.297 -1578.597 5501.470 6909.830 148 44 66 0 195 63 67 11795166931 0.33061 2250.090 0.00010 1.000 1.0 2790.000 1403.500
2074.831 1656.886 -1593.185 5492.130 6923.420 148 43 66 0 195 63 67 11795166931 0.33061 2250.090 0.00010 1.000 1.0 2790.000 1403.500
2103.536 1675.869 -1612.169 5480.030 6941.230 149 43 67 0 195 67 70 11150422348 0.33258 2237.894 0.00010 1.000 1.0 2730.000 1367.300
2132.131 1694.881 -1631.181 5468.000 6958.880 149 42 68 0 195 67 70 11150422348 0.33258 2237.894 0.00010 1.000 1.0 2730.000 1367.300
2160.931 1714.124 -1650.424 5455.880 6976.550 150 41 69 0 195 67 70 11150422348 0.33258 2237.894 0.00010 1.000 1.0 2730.000 1367.300
2189.634 1733.291 -1669.591 5443.840 6994.200 150 40 69 0 195 67 70 11150422348 0.33258 2237.894 0.00010 1.000 1.0 2730.000 1367.300
2218.329 1752.460 -1688.760 5431.850 7011.870 151 40 70 0 195 70 73 12068478189 0.32983 2255.113 0.00010 1.000 1.0 2815.000 1418.500
2247.128 1771.703 -1708.003 5419.850 7029.620 151 39 71 0 195 70 73 12068478189 0.32983 2255.113 0.00010 1.000 1.0 2815.000 1418.500
2275.627 1790.707 -1727.007 5408.250 7047.410 151 38 72 0 195 70 73 12068478189 0.32983 2255.113 0.00010 1.000 1.0 2815.000 1418.500
2304.826 1810.167 -1746.467 5396.890 7065.980 152 38 72 0 195 70 73 12068478189 0.32983 2255.113 0.00010 1.000 1.0 2815.000 1418.500
2333.225 1829.123 -1765.423 5386.310 7084.290 152 37 73 0 195 73 76 15254133025 0.32179 2307.345 0.00010 1.000 1.0 3085.000 1581.400
2362.025 1848.364 -1784.664 5375.880 7103.010 153 36 74 0 195 73 76 15254133025 0.32179 2307.345 0.00010 1.000 1.0 3085.000 1581.400
2390.925 1867.677 -1803.977 5365.560 7121.870 153 35 75 0 195 73 76 15254133025 0.32179 2307.345 0.00010 1.000 1.0 3085.000 1581.400
2419.522 1886.755 -1823.055 5355.410 7140.600 154 35 75 0 195 73 76 15254133025 0.32179 2307.345 0.00010 1.000 1.0 3085.000 1581.400
2448.424 1906.022 -1842.322 5345.370 7159.660 154 34 76 0 195 76 80 17538553368 0.31714 2339.393 0.00010 1.000 1.0 3260.000 1687.000
2477.023 1925.040 -1861.340 5335.750 7178.730 154 33 77 0 195 76 80 17538553368 0.31714 2339.393 0.00010 1.000 1.0 3260.000 1687.000
2506.021 1944.226 -1880.526 5326.190 7198.260 155 32 78 0 195 76 80 17538553368 0.31714 2339.393 0.00010 1.000 1.0 3260.000 1687.000
2563.641 1982.282 -1918.582 5307.480 7237.270 156 31 79 0 195 76 80 17538553368 0.31714 2339.393 0.00010 1.000 1.0 3260.000 1687.000
2592.541 2001.348 -1937.648 5298.210 7256.910 156 30 80 0 195 80 128 14329088216 0.32389 2293.192 0.00010 1.000 1.0 3010.000 1536.200
2620.936 2020.116 -1956.416 5289.180 7276.210 156 29 81 0 195 80 128 14329088216 0.32389 2293.192 0.00010 1.000 1.0 3010.000 1536.200
2649.381 2038.942 -1975.242 5280.070 7295.490 157 28 82 0 195 80 128 14329088216 0.32389 2293.192 0.00010 1.000 1.0 3010.000 1536.200
2672.087 2054.004 -1990.304 5272.660 7310.780 157 28 82 0 195 80 128 14329088216 0.32389 2293.192 0.00010 1.000 1.0 3010.000 1536.200
2691.397 2066.869 -2003.169 5266.260 7323.680 157 27 83 0 195 80 128 14329088216 0.32389 2293.192 0.00010 1.000 1.0 3010.000 1536.200
